03/06/2020
VNIndex,874.8,-3.87,430693930,18808630,22578430
HNX-Index,113.64,-0.49,79980115,1200434,2915750
Upcom-Index,55.98,0.39,051235046,3766619,637600
VN30-Index,818.7,-2.77,147384620,9171640,0
HNX30-Index,221.55,-1.22,51937400,1071800,1558800
04/06/2020
VNIndex,883.9,2.73,385391930,16597610,19268040
Upcome-Index,117.42,0.94,65089386,0,0
Upcom-Index,56.33,0,58429475,0,0
VN30-Index,823.77,-0.52,135464800,5843220,0
HNX30-Index,228.13,2.61,39645300,398475,326893
05/06/2020
VNIndex,886.22,2.32,443912540,17926428,22016568
HNX-Index,118.08,0.66,67376517,395503,4562903
Upcom-Index,56.43,0.11,49185795,2678320,848580
VN30-Index,826.47,2.7,147686540,5328358,0
HNX30-Index,231.73,3.59,46354300,40572,3453693

